$ 1 0.000005 10.20027730826997 50 5 50
L -208 192 -272 192 0 0 false 3.3 0
t -144 96 -96 96 0 1 -11.87022805569694 9.779999210896235e-10 50
t -96 80 -48 80 0 -1 11.855652343824888 -0.1297719433030604 50
r -208 192 -176 192 0 100000
g -48 272 -48 304 0
R -48 64 -48 16 0 0 40 12 0 0 0.5
162 -48 96 -48 240 2 default-led 1 0 0 0.01
r -96 208 -96 272 0 220
w -96 272 -48 272 0
r -48 240 -48 272 0 1000
x -302 74 -240 77 4 12 LED\sOutput
L -208 96 -272 96 0 0 false 3.3 0
x -313 172 -225 175 4 12 Enable\s(GPIO\s0)
r -208 96 -144 96 0 10000
t -176 192 -144 192 0 1 -9.999995360620705e-10 -2.199961497244703e-11 100
w -144 208 -96 208 0
w -96 112 -96 208 0
w -144 96 -144 176 0
