$ 1 0.000005 10.20027730826997 50 5 50
M 64 144 128 144 0 2.5
r 64 96 64 144 0 1000
w 64 144 16 144 0
w -32 144 -16 144 0
s -48 224 -48 176 0 1 false
M 0 224 0 256 0 2.5
r -48 0 -48 64 0 20000
M 0 64 0 32 0 2.5
s -48 64 -48 112 0 1 false
w -48 64 0 64 0
r 0 64 0 112 0 10000
r -48 224 -48 272 0 20000
r 0 176 0 224 0 10000
w -48 224 0 224 0
t 0 112 0 144 0 -1 3.2820717450324506 -2.799999787583829e-9 100
t 0 176 0 144 0 -1 3.2820717450324506 -2.799999787583829e-9 100
w -80 176 -80 240 0
w -80 240 -112 240 0
r -176 160 -112 160 0 100000
t -112 160 -80 160 0 1 0.502381523525125 0.5203097754926744 100
g -112 240 -112 288 0
L -176 160 -224 160 0 1 false 3.3 0
w -80 144 -32 144 0
w -48 112 -48 176 0
w -48 176 -80 176 0
r -176 160 -176 96 0 10000
R -176 96 -176 64 0 0 40 3.3 0 0 0.5
R -48 0 -48 -32 0 0 40 3.3 0 0 0.5
R 64 96 64 64 0 0 40 3.3 0 0 0.5
R -48 272 -48 320 0 0 40 3.3 0 0 0.5
